76.27
76.48
78.38
80.3
79.06
78.12
82.63
82.75
82.5
81.05
81.23
77.52
78.53
73.96
78.52
77.75
80.86
84.13
86.39
84.51
82.42
86.94
84.74
85.37
89.58
88.64
89.94
91.46
93.77
92.66
92.35
90.91
91.47
87.9
87.84
87.89
88.86
87.66
85.64
87.52
88.84
94.71
94.13
92.79
91.53
88.75
89.45
88.21
90.79
91.78
95.36
97.25
94.58
95.16
90.33
92.77
92.3
91.71
92.29
90.62
91.6
91.81
91.55
93.16
93.23
95.92
96.84
96.85
97.12
94.78
91.65
91.66
89.83
92.92
94.07
94.04
92.31
93.74
92.63
92.66
87.19
86.71
85.07
85.31
84.64
85.54
82.54
83.36
83.73
81.43
81.84
81.28
77.99
83.12
85.88
83
81.35
76.58
74.7
75.29
78.02
76.4
78.88
82.23
81.96
79.42
79.2
81.56
82
83.17
83.13
84.21
85.28
84.29
83.1
86.51
86.69
84.48
86.15
81.8
84.86
81.99
81.77
79.48
78.06
75.82
74.73
77.7
77.94
74.93
76.55
76.66
78.93
77.9
76.34
78.98
81.91
78.69
82.01
82.54
90.22
92.18
90.82
85.55
83.8
86.02
86.35
83.08
83.81
82.77
81.09
81.66
82.42
81.3
81.84
82.61
76.88
82.24
84.85
86.71
85.31
85.04
77.67
77.43
78.2
76.09
67.61
68.97
69.4
59.57
61.79
57
57.46
55.04
54.92
55.34
54.72
53.59
55.88
57.26
53.43
52.93
53.4
52.34
52.58
52.61
50.28
50.1
51.93
52.39
53.99
54.76
54.23
54.04
54.55
54.46
54.68
53.5
52.83
57.44
56.39
52.97
53.1
52.63
52.73
53.54
53.63
53.8
51.74
52.74
53.19
55.17
54.65
56.39
55.47
54.59
54.2
54.51
52.18
53.76
55.74
53.19
51.95
52.16
52.19
52.56
49.88
52.39
53.66
55.51
56.49
56.18
55.9
55.92
52.92
56.97
56.6
56.95
54.99
54.93
50.94
48.38
48.79
47.56
47.52
42.59
44.49
43.66
45.48
47.86
46.58
47.5