62.13
62.04
63.48
65.63
63.76
63.73
65.78
64.78
63.79
62.9
63.31
62.25
62.67
59.85
60.74
58.33
59.9
61.24
62.88
60.78
60.4
63.19
61.12
60.71
63.01
61.61
61.85
62.47
61.81
60.66
58.86
58.78
59.16
58.18
58.79

57.33
57.65
56.35
55.18
55.73
53.27
54.88
55.11
56.32
62.08
58.32
57.64
57.23
58.89
56.61
52.92
51.23
51.34
51.88
50.79
50.3
49.37
49.52
48.46
49.09
46.79
46.79
46.29
45.89
46.08
47.17
50.34
50.81
50.36
50.17
49.43
49.96
49.77
50.38
49.9
51.68
50.68
49.6
49.26
48.06
47.16
46.77
46.73
45.78
45.12
45.34
44.79
45.26
45.91
45.19
44.68
46.07
45.17
45.32
45.12
45.4
45.1
44.26
43.87
43.7
43.53
43.67
45.04
46.1
47.56
53.19
52.79
52.72
53.86
53.44
53.14
52.84
53.12
53.17
52.12
52.66
51.97
50.69
51.01
50.34
51.55
51.1
50.51
50.75
49.28
48.51
48.18
49.29
49.06
49.23
49.66
49.7
49.34
48.76
48.63
48.31
48.96
48.26
49.42
49.72
51.56
50.12
50.28
49.76
48.75
48.9
48.78
48.49
48.63
48.52
47.69
48.01
48.28
48.24
47.92
48.54
47.55
48.57
47.4
47.93

47.95
48.15
47.34
46.78
47.04
47.11
48.26
48.59
49.58
59.2
59.84
59.49
59.94
58.81
57.97
57.86
57.81
57.42
58.35
57.26
57.45
57.15
58.36
57.96
57.64
58.64
57.11
56.36
57.35
57.92
58.73
58.9
58.44
58.89
59.29
59.2
58.91
58.15
58.51
62.6
61.79
62.41
63.06
61.72
60.7
60.89
60.63
61.68
60.47
62.3
61.1
61.02
60.75
61.85
59.09
58.73
57.12
57.91
56.59
57.23
58.94
58.48
57.99
58
57.26
56.52
56.01
58.46
60.23
57.26
57.96
57.76
57.54
58.58
54.93
57.68
58.83
59.25
57.38
59.12
57.21
55.69
57.48
56.92
56.95
52.76
52.97
50.56
52.75
54.08