501.03
505.72
522.83
527.45
513.83
508.9
533.65
531.65
527.65
514.24
519.74
498.73
500.81
463.73
498.46
494.81
512.19
536.25
553.67
548.58
532.3
579.96
565.68
574.23
597.06
593.16
596.24
613.21
598.45
610.03
590.57
570.53
577.55
543.64
546.57
541.22
542.27
529.48
519.59
522.04
516.71
537.41
546.13
548.5
554.7
534.63
521.01
514.38
528.01
541.27
539.39
544.86
531.07
533.76
504.58
536.19
524.54
522.2
525.83
517.73
516
519.75
520.37
531.13
533.29
530.88
533.65
529.7
534.42
532.35
520.53
518.89
517.23
534
544.27
542.33
535.84
541.62
535.44
535.9
530.29
529.23
518.16
525.44
523.36
537.45
536.99
536.73
540.45
531.72
538.11
536.56
510.65
545.07
582.31
566.23
551.61
520.63
503.08
501.21
520.81
504.93
535.71
525.49
543.45
534.28
540.83
545.66
539.75
552.3
558.63
563.64
569.76
568.87
550.35
553.39
558.4
549.3
545.54
522.34
544.42
541.06
528.87
521.25
514.8
493.77
484.81
505.36
500.54
487.43
498.39
500.43
519.49
514.74
486.44
492.32
508.45
476.38
504.75
520.47
573.69
552.68

534.66
525.6
504.83
510.62
509.7
508.51
507.04
485.35
485.25
490.14
493.19
462.29
457.45
457.34
433.74
446.33
447.71
453.15
451.2
448.84
440.15
424.34
424.31
418.37
408.38
416.61
407.54
404.95
417.3
412.89
420.18
407.82
405.15
408.85
414.83
401.85
418.92
420.11
408.4
394.64
393.34
384.26
380.97
379.68
367.78
365.98
379.37
369.2
377.78
380.84
370.23
368.5
369.22
362.52
366.73
357.09
351.64
374.45
361.62
351.99
356.59
350.45
350.41
352.64
351.88
354.65
339.12
340.65
348.34
360.67
350.64
358.42
351.85
349.64
339.27
320.88
310.87
311.77
322.28
312.17
304.55
297.48
293.43
290.98
282.48
291.97
298.15
291.05
296.77
289.29
283.71
285.85
269.23
286.75
292.01
294.39
280.55
283.65
269.57
262.67
266.67
258.76
268.12
243.65
255.2
242.81
263.32
265.31
252.46